1 10 10
0 1 9.5
-1 -8 9
0 3 14
-1 -6 13.5
0 4.5 15.5
-1 -4.5 15
0 6 17
-1 -3 16.5
-2 -6 10
-1 5 15
-2 -4 14.5
-1 6.5 16.5
-2 -2.5 16
-3 -5.5 9.5
-2 5.5 14.5
-3 -3.5 14
-2 7 16
-3 -2 15.5
-4 -5 9
-3 6 14
-4 -3 13.5
-3 7.5 15.5
-4 -1.5 15
-5 -4.5 8.5
-4 6.5 13.5
-5 -2.5 13
-4 8 15
-5 -1 14.5
-6 -9 13.5
-5 2 18.5
-6 -7 18
-5 3.5 20
-6 -5.5 19.5
-5 5 21.5
-6 -4 21
-5 6.5 23
-6 -2.5 22.5
-7 -5.5 16
-6 5 18
-7 -4 17.5
-6 6.5 19.5
-7 -2.5 19
-8 -5.5 12.5
-7 5.5 17.5
-8 -3.5 17
-7 7 19
-8 -2 18.5
-9 -5 12
-8 6 17
-9 -3 16.5
-8 7.5 18.5
-9 -1.5 18
-10 -4.5 11.5
-9 6.5 16.5
-10 -2.5 16
-9 8 18
-10 -1 17.5
-11 -4 11
-10 7 16
-11 -2 15.5
-10 8.5 17.5
-11 -0.5 17
-12 -8.5 16
-11 2.5 21
-12 -6.5 20.5
-11 4 22.5
-12 -5 22
-11 5.5 24
-12 -3.5 23.5
-11 7 25.5
-12 -2 25
-13 -5 18.5
-12 5.5 20.5
-13 -3.5 20
-12 7 22
-13 -2 21.5
-14 -5 15
-13 5.5 17
-14 -3.5 16.5
-13 7 18.5
-14 -2 18
-15 -5 11.5
-14 6 16.5
-15 -3 16
-14 7.5 18
-15 -1.5 17.5
-16 -4.5 11
-15 6.5 16
-16 -2.5 15.5
-15 8 17.5
-16 -1 17
-17 -4 10.5
-16 7 15.5
-17 -2 15
-16 8.5 17
-17 -0.5 16.5
-18 -3.5 10
-17 7.5 15
-18 -1.5 14.5
-17 9 16.5
-18 0 16
-19 -3 9.5
-18 8 14.5
-19 -1 14
-18 9.5 16
-19 0.5 15.5
-20 -7.5 14.5
-19 3.5 19.5
-20 -5.5 19
-19 5 21
-20 -4 20.5
-19 6.5 22.5
-20 -2.5 22
-19 8 24
-20 -1 23.5
-21 -4 17
-20 6.5 19
-21 -2.5 18.5
-20 8 20.5
-21 -1 20
-22 -4 13.5
-21 6.5 15.5
-22 -2.5 15
-21 8 17
-22 -1 16.5
-23 -4 10
-22 7 15
-23 -2 14.5
-22 8.5 16.5
-23 -0.5 16
-24 -3.5 9.5
-23 7.5 14.5
-24 -1.5 14
-23 9 16
-24 0 15.5
-25 -3 9
-24 8 14
-25 -1 13.5
-24 9.5 15.5
-25 0.5 15
-26 -2.5 8.5
-25 8.5 13.5
-26 -0.5 13
-25 10 15
-26 1 14.5
-27 -2 8
-26 9 13
-27 0 12.5
-26 10.5 14.5
-27 1.5 14
-28 -1.5 7.5
-27 9.5 12.5
-28 0.5 12
-29 -2.5 5.5
-28 8.5 10.5
-29 -0.5 10
-28 10 12
-29 1 11.5
-30 -2 5
-29 9 10
-30 0 9.5
-29 10.5 11.5
-30 1.5 11
-31 -1.5 4.5
-30 9.5 9.5
-31 0.5 9
-30 11 11
-31 2 10.5
-32 -1 4
-31 10 9
-32 1 8.5
-31 11.5 10.5
-32 2.5 10
-33 -0.5 3.5
-32 10.5 8.5
-33 1.5 8
-32 12 10
-33 3 9.5
-34 -5 8.5
-33 6 13.5
-34 -3 13
-33 8 18
-34 -1 17.5
-33 9.5 19.5
-34 0.5 19
-35 -2.5 12.5
-34 8.5 17.5
-35 -0.5 17
-34 10 19
-35 1 18.5
-36 -2 12
-35 8.5 14
-36 -0.5 13.5
-35 10 15.5
-36 1 15
-37 -2 8.5
-36 9 13.5
-37 0 13
-36 10.5 15
-37 1.5 14.5
-38 -1.5 8
-37 9.5 13
-38 0.5 12.5
-37 11 14.5
-38 2 14
-39 -1 7.5
-38 10 12.5
-39 1 12
-38 11.5 14
-39 2.5 13.5
-40 -0.5 7
-39 10.5 12
-40 1.5 11.5
-39 12 13.5
-40 3 13
-41 0 6.5
-40 11 11.5
-41 2 11
-42 -1 4.5
-41 10 9.5
-42 1 9
-41 11.5 11
-42 2.5 10.5
-43 -0.5 4
-42 10.5 9
-43 1.5 8.5
-42 12 10.5
-43 3 10
-44 0 3.5
-43 11 8.5
-44 2 8
-43 12.5 10
-44 3.5 9.5
-45 0.5 3
-44 11.5 8
-45 2.5 7.5
-44 13 9.5
-45 4 9
-46 1 2.5
-45 12 7.5
-46 3 7
-45 13.5 9
-46 4.5 8.5
-47 1.5 2
-46 12.5 7
-47 3.5 6.5
-48 0.5 0
-47 11.5 5
-48 2.5 4.5
-47 13 6.5
-48 4 6
-49 1 -0.5
-48 12 4.5
-49 3 4
-48 13.5 6
-49 4.5 5.5
-50 1.5 -1
-49 12.5 4
-50 3.5 3.5
-49 14 5.5
-50 5 5
